<Qucs Dataset 0.0.19>
<indep time 500>
  +0.00000000000000000000e+000
  +5.01002004008016031222e-005
  +1.00200400801603206244e-004
  +1.50300601202404829695e-004
  +2.00400801603206412489e-004
  +2.50501002004008049492e-004
  +3.00601202404809659391e-004
  +3.50701402805611215079e-004
  +4.00801603206412824978e-004
  +4.50901803607214434876e-004
  +5.01002004008016098985e-004
  +5.51102204408817708883e-004
  +6.01202404809619318782e-004
  +6.51302605210420928680e-004
  +7.01402805611222430159e-004
  +7.51503006012024040057e-004
  +8.01603206412825649956e-004
  +8.51703406813627259854e-004
  +9.01803607214428869752e-004
  +9.51903807615230479651e-004
  +1.00200400801603219797e-003
  +1.05210420841683380787e-003
  +1.10220440881763541777e-003
  +1.15230460921843702767e-003
  +1.20240480961923863756e-003
  +1.25250501002004024746e-003
  +1.30260521042084185736e-003
  +1.35270541082164346726e-003
  +1.40280561122244486032e-003
  +1.45290581162324647022e-003
  +1.50300601202404808011e-003
  +1.55310621242484969001e-003
  +1.60320641282565129991e-003
  +1.65330661322645290981e-003
  +1.70340681362725451971e-003
  +1.75350701402805612961e-003
  +1.80360721442885773950e-003
  +1.85370741482965934940e-003
  +1.90380761523046095930e-003
  +1.95390781563126256920e-003
  +2.00400801603206439594e-003
  +2.05410821643286578900e-003
  +2.10420841683366761574e-003
  +2.15430861723446900879e-003
  +2.20440881763527083553e-003
  +2.25450901803607222859e-003
  +2.30460921843687405533e-003
  +2.35470941883767544839e-003
  +2.40480961923847727513e-003
  +2.45490981963927866819e-003
  +2.50501002004008049492e-003
  +2.55511022044088188798e-003
  +2.60521042084168371472e-003
  +2.65531062124248510778e-003
  +2.70541082164328693452e-003
  +2.75551102204408832758e-003
  +2.80561122244488972063e-003
  +2.85571142284569154737e-003
  +2.90581162324649294043e-003
  +2.95591182364729476717e-003
  +3.00601202404809616023e-003
  +3.05611222444889798697e-003
  +3.10621242484969938003e-003
  +3.15631262525050120676e-003
  +3.20641282565130259982e-003
  +3.25651302605210442656e-003
  +3.30661322645290581962e-003
  +3.35671342685370764636e-003
  +3.40681362725450903942e-003
  +3.45691382765531086615e-003
  +3.50701402805611225921e-003
  +3.55711422845691408595e-003
  +3.60721442885771547901e-003
  +3.65731462925851730575e-003
  +3.70741482965931869881e-003
  +3.75751503006012052555e-003
  +3.80761523046092191860e-003
  +3.85771543086172374534e-003
  +3.90781563126252513840e-003
  +3.95791583166332696514e-003
  +4.00801603206412879188e-003
  +4.05811623246492975126e-003
  +4.10821643286573157799e-003
  +4.15831663326653340473e-003
  +4.20841683366733523147e-003
  +4.25851703406813619085e-003
  +4.30861723446893801759e-003
  +4.35871743486973984433e-003
  +4.40881763527054167107e-003
  +4.45891783567134263044e-003
  +4.50901803607214445718e-003
  +4.55911823647294628392e-003
  +4.60921843687374811066e-003
  +4.65931863727454907004e-003
  +4.70941883767535089678e-003
  +4.75951903807615272352e-003
  +4.80961923847695455025e-003
  +4.85971943887775550963e-003
  +4.90981963927855733637e-003
  +4.95991983967935916311e-003
  +5.01002004008016098985e-003
  +5.06012024048096194923e-003
  +5.11022044088176377596e-003
  +5.16032064128256560270e-003
  +5.21042084168336742944e-003
  +5.26052104208416838882e-003
  +5.31062124248497021556e-003
  +5.36072144288577204230e-003
  +5.41082164328657386904e-003
  +5.46092184368737482841e-003
  +5.51102204408817665515e-003
  +5.56112224448897848189e-003
  +5.61122244488977944127e-003
  +5.66132264529058126801e-003
  +5.71142284569138309475e-003
  +5.76152304609218492149e-003
  +5.81162324649298588086e-003
  +5.86172344689378770760e-003
  +5.91182364729458953434e-003
  +5.96192384769539136108e-003
  +6.01202404809619232046e-003
  +6.06212424849699414720e-003
  +6.11222444889779597393e-003
  +6.16232464929859780067e-003
  +6.21242484969939876005e-003
  +6.26252505010020058679e-003
  +6.31262525050100241353e-003
  +6.36272545090180424027e-003
  +6.41282565130260519964e-003
  +6.46292585170340702638e-003
  +6.51302605210420885312e-003
  +6.56312625250501067986e-003
  +6.61322645290581163924e-003
  +6.66332665330661346598e-003
  +6.71342685370741529272e-003
  +6.76352705410821711945e-003
  +6.81362725450901807883e-003
  +6.86372745490981990557e-003
  +6.91382765531062173231e-003
  +6.96392785571142355905e-003
  +7.01402805611222451843e-003
  +7.06412825651302634516e-003
  +7.11422845691382817190e-003
  +7.16432865731462999864e-003
  +7.21442885771543095802e-003
  +7.26452905811623278476e-003
  +7.31462925851703461150e-003
  +7.36472945891783643824e-003
  +7.41482965931863739761e-003
  +7.46492985971943922435e-003
  +7.51503006012024105109e-003
  +7.56513026052104287783e-003
  +7.61523046092184383721e-003
  +7.66533066132264566395e-003
  +7.71543086172344749069e-003
  +7.76553106212424931742e-003
  +7.81563126252505027680e-003
  +7.86573146292585297090e-003
  +7.91583166332665393028e-003
  +7.96593186372745488966e-003
  +8.01603206412825758376e-003
  +8.06613226452905854313e-003
  +8.11623246492985950251e-003
  +8.16633266533066219661e-003
  +8.21643286573146315599e-003
  +8.26653306613226585009e-003
  +8.31663326653306680947e-003
  +8.36673346693386776884e-003
  +8.41683366733467046295e-003
  +8.46693386773547142232e-003
  +8.51703406813627238170e-003
  +8.56713426853707507580e-003
  +8.61723446893787603518e-003
  +8.66733466933867699455e-003
  +8.71743486973947968866e-003
  +8.76753507014028064803e-003
  +8.81763527054108334213e-003
  +8.86773547094188430151e-003
  +8.91783567134268526089e-003
  +8.96793587174348795499e-003
  +9.01803607214428891437e-003
  +9.06813627254508987374e-003
  +9.11823647294589256784e-003
  +9.16833667334669352722e-003
  +9.21843687374749622132e-003
  +9.26853707414829718070e-003
  +9.31863727454909814008e-003
  +9.36873747494990083418e-003
  +9.41883767535070179355e-003
  +9.46893787575150275293e-003
  +9.51903807615230544703e-003
  +9.56913827655310640641e-003
  +9.61923847695390910051e-003
  +9.66933867735471005989e-003
  +9.71943887775551101926e-003
  +9.76953907815631371336e-003
  +9.81963927855711467274e-003
  +9.86973947895791563212e-003
  +9.91983967935871832622e-003
  +9.96993987975951928560e-003
  +1.00200400801603219797e-002
  +1.00701402805611229391e-002
  +1.01202404809619238985e-002
  +1.01703406813627265926e-002
  +1.02204408817635275519e-002
  +1.02705410821643285113e-002
  +1.03206412825651312054e-002
  +1.03707414829659321648e-002
  +1.04208416833667348589e-002
  +1.04709418837675358183e-002
  +1.05210420841683367776e-002
  +1.05711422845691394717e-002
  +1.06212424849699404311e-002
  +1.06713426853707413905e-002
  +1.07214428857715440846e-002
  +1.07715430861723450440e-002
  +1.08216432865731477381e-002
  +1.08717434869739486974e-002
  +1.09218436873747496568e-002
  +1.09719438877755523509e-002
  +1.10220440881763533103e-002
  +1.10721442885771542697e-002
  +1.11222444889779569638e-002
  +1.11723446893787579232e-002
  +1.12224448897795588825e-002
  +1.12725450901803615766e-002
  +1.13226452905811625360e-002
  +1.13727454909819652301e-002
  +1.14228456913827661895e-002
  +1.14729458917835671489e-002
  +1.15230460921843698430e-002
  +1.15731462925851708023e-002
  +1.16232464929859717617e-002
  +1.16733466933867744558e-002
  +1.17234468937875754152e-002
  +1.17735470941883781093e-002
  +1.18236472945891790687e-002
  +1.18737474949899800281e-002
  +1.19238476953907827222e-002
  +1.19739478957915836815e-002
  +1.20240480961923846409e-002
  +1.20741482965931873350e-002
  +1.21242484969939882944e-002
  +1.21743486973947909885e-002
  +1.22244488977955919479e-002
  +1.22745490981963929072e-002
  +1.23246492985971956013e-002
  +1.23747494989979965607e-002
  +1.24248496993987975201e-002
  +1.24749498997996002142e-002
  +1.25250501002004011736e-002
  +1.25751503006012038677e-002
  +1.26252505010020048271e-002
  +1.26753507014028057864e-002
  +1.27254509018036084805e-002
  +1.27755511022044094399e-002
  +1.28256513026052103993e-002
  +1.28757515030060130934e-002
  +1.29258517034068140528e-002
  +1.29759519038076167469e-002
  +1.30260521042084177062e-002
  +1.30761523046092186656e-002
  +1.31262525050100213597e-002
  +1.31763527054108223191e-002
  +1.32264529058116232785e-002
  +1.32765531062124259726e-002
  +1.33266533066132269320e-002
  +1.33767535070140296261e-002
  +1.34268537074148305854e-002
  +1.34769539078156315448e-002
  +1.35270541082164342389e-002
  +1.35771543086172351983e-002
  +1.36272545090180361577e-002
  +1.36773547094188388518e-002
  +1.37274549098196398111e-002
  +1.37775551102204425052e-002
  +1.38276553106212434646e-002
  +1.38777555110220444240e-002
  +1.39278557114228471181e-002
  +1.39779559118236480775e-002
  +1.40280561122244490369e-002
  +1.40781563126252517310e-002
  +1.41282565130260526903e-002
  +1.41783567134268536497e-002
  +1.42284569138276563438e-002
  +1.42785571142284573032e-002
  +1.43286573146292599973e-002
  +1.43787575150300609567e-002
  +1.44288577154308619160e-002
  +1.44789579158316646101e-002
  +1.45290581162324655695e-002
  +1.45791583166332665289e-002
  +1.46292585170340692230e-002
  +1.46793587174348701824e-002
  +1.47294589178356728765e-002
  +1.47795591182364738359e-002
  +1.48296593186372747952e-002
  +1.48797595190380774893e-002
  +1.49298597194388784487e-002
  +1.49799599198396794081e-002
  +1.50300601202404821022e-002
  +1.50801603206412830616e-002
  +1.51302605210420857557e-002
  +1.51803607214428867150e-002
  +1.52304609218436876744e-002
  +1.52805611222444903685e-002
  +1.53306613226452913279e-002
  +1.53807615230460922873e-002
  +1.54308617234468949814e-002
  +1.54809619238476959407e-002
  +1.55310621242484986348e-002
  +1.55811623246492995942e-002
  +1.56312625250501005536e-002
  +1.56813627254509015130e-002
  +1.57314629258517059418e-002
  +1.57815631262525069012e-002
  +1.58316633266533078606e-002
  +1.58817635270541088199e-002
  +1.59318637274549097793e-002
  +1.59819639278557107387e-002
  +1.60320641282565151675e-002
  +1.60821643286573161269e-002
  +1.61322645290581170863e-002
  +1.61823647294589180456e-002
  +1.62324649298597190050e-002
  +1.62825651302605234338e-002
  +1.63326653306613243932e-002
  +1.63827655310621253526e-002
  +1.64328657314629263120e-002
  +1.64829659318637272714e-002
  +1.65330661322645317002e-002
  +1.65831663326653326596e-002
  +1.66332665330661336189e-002
  +1.66833667334669345783e-002
  +1.67334669338677355377e-002
  +1.67835671342685364971e-002
  +1.68336673346693409259e-002
  +1.68837675350701418853e-002
  +1.69338677354709428446e-002
  +1.69839679358717438040e-002
  +1.70340681362725447634e-002
  +1.70841683366733491922e-002
  +1.71342685370741501516e-002
  +1.71843687374749511110e-002
  +1.72344689378757520704e-002
  +1.72845691382765530297e-002
  +1.73346693386773539891e-002
  +1.73847695390781584179e-002
  +1.74348697394789593773e-002
  +1.74849699398797603367e-002
  +1.75350701402805612961e-002
  +1.75851703406813622554e-002
  +1.76352705410821666843e-002
  +1.76853707414829676436e-002
  +1.77354709418837686030e-002
  +1.77855711422845695624e-002
  +1.78356713426853705218e-002
  +1.78857715430861749506e-002
  +1.79358717434869759100e-002
  +1.79859719438877768694e-002
  +1.80360721442885778287e-002
  +1.80861723446893787881e-002
  +1.81362725450901797475e-002
  +1.81863727454909841763e-002
  +1.82364729458917851357e-002
  +1.82865731462925860951e-002
  +1.83366733466933870544e-002
  +1.83867735470941880138e-002
  +1.84368737474949924426e-002
  +1.84869739478957934020e-002
  +1.85370741482965943614e-002
  +1.85871743486973953208e-002
  +1.86372745490981962802e-002
  +1.86873747494990007090e-002
  +1.87374749498998016684e-002
  +1.87875751503006026277e-002
  +1.88376753507014035871e-002
  +1.88877755511022045465e-002
  +1.89378757515030055059e-002
  +1.89879759519038099347e-002
  +1.90380761523046108941e-002
  +1.90881763527054118534e-002
  +1.91382765531062128128e-002
  +1.91883767535070137722e-002
  +1.92384769539078182010e-002
  +1.92885771543086191604e-002
  +1.93386773547094201198e-002
  +1.93887775551102210791e-002
  +1.94388777555110220385e-002
  +1.94889779559118229979e-002
  +1.95390781563126274267e-002
  +1.95891783567134283861e-002
  +1.96392785571142293455e-002
  +1.96893787575150303049e-002
  +1.97394789579158312642e-002
  +1.97895791583166356931e-002
  +1.98396793587174366524e-002
  +1.98897795591182376118e-002
  +1.99398797595190385712e-002
  +1.99899799599198395306e-002
  +2.00400801603206439594e-002
  +2.00901803607214449188e-002
  +2.01402805611222458781e-002
  +2.01903807615230468375e-002
  +2.02404809619238477969e-002
  +2.02905811623246487563e-002
  +2.03406813627254531851e-002
  +2.03907815631262541445e-002
  +2.04408817635270551039e-002
  +2.04909819639278560632e-002
  +2.05410821643286570226e-002
  +2.05911823647294614514e-002
  +2.06412825651302624108e-002
  +2.06913827655310633702e-002
  +2.07414829659318643296e-002
  +2.07915831663326652889e-002
  +2.08416833667334697178e-002
  +2.08917835671342706771e-002
  +2.09418837675350716365e-002
  +2.09919839679358725959e-002
  +2.10420841683366735553e-002
  +2.10921843687374745147e-002
  +2.11422845691382789435e-002
  +2.11923847695390799029e-002
  +2.12424849699398808622e-002
  +2.12925851703406818216e-002
  +2.13426853707414827810e-002
  +2.13927855711422872098e-002
  +2.14428857715430881692e-002
  +2.14929859719438891286e-002
  +2.15430861723446900879e-002
  +2.15931863727454910473e-002
  +2.16432865731462954761e-002
  +2.16933867735470964355e-002
  +2.17434869739478973949e-002
  +2.17935871743486983543e-002
  +2.18436873747494993137e-002
  +2.18937875751503002730e-002
  +2.19438877755511047019e-002
  +2.19939879759519056612e-002
  +2.20440881763527066206e-002
  +2.20941883767535075800e-002
  +2.21442885771543085394e-002
  +2.21943887775551129682e-002
  +2.22444889779559139276e-002
  +2.22945891783567148869e-002
  +2.23446893787575158463e-002
  +2.23947895791583168057e-002
  +2.24448897795591177651e-002
  +2.24949899799599221939e-002
  +2.25450901803607231533e-002
  +2.25951903807615241127e-002
  +2.26452905811623250720e-002
  +2.26953907815631260314e-002
  +2.27454909819639304602e-002
  +2.27955911823647314196e-002
  +2.28456913827655323790e-002
  +2.28957915831663333384e-002
  +2.29458917835671342977e-002
  +2.29959919839679387266e-002
  +2.30460921843687396859e-002
  +2.30961923847695406453e-002
  +2.31462925851703416047e-002
  +2.31963927855711425641e-002
  +2.32464929859719435234e-002
  +2.32965931863727479523e-002
  +2.33466933867735489117e-002
  +2.33967935871743498710e-002
  +2.34468937875751508304e-002
  +2.34969939879759517898e-002
  +2.35470941883767562186e-002
  +2.35971943887775571780e-002
  +2.36472945891783581374e-002
  +2.36973947895791590967e-002
  +2.37474949899799600561e-002
  +2.37975951903807644849e-002
  +2.38476953907815654443e-002
  +2.38977955911823664037e-002
  +2.39478957915831673631e-002
  +2.39979959919839683224e-002
  +2.40480961923847692818e-002
  +2.40981963927855737106e-002
  +2.41482965931863746700e-002
  +2.41983967935871756294e-002
  +2.42484969939879765888e-002
  +2.42985971943887775482e-002
  +2.43486973947895819770e-002
  +2.43987975951903829364e-002
  +2.44488977955911838957e-002
  +2.44989979959919848551e-002
  +2.45490981963927858145e-002
  +2.45991983967935902433e-002
  +2.46492985971943912027e-002
  +2.46993987975951921621e-002
  +2.47494989979959931214e-002
  +2.47995991983967940808e-002
  +2.48496993987975950402e-002
  +2.48997995991983994690e-002
  +2.49498997995992004284e-002
  +2.50000000000000013878e-002
</indep>
<dep Vsine.It time>
  -0.00000000000000000000e+000
  -1.88841884600177287795e-011
  -1.90067866254628395680e-011
  -1.93582068028982473367e-011
  -2.08182741509075943216e-011
  -2.87652639195335381467e-011
  -7.61673022940394694940e-011
  -3.64473433194118397395e-010
  -2.11886618284282670840e-009
  -1.27497509769944164616e-008
  -7.68012084593338713599e-008
  -4.60178019770354914962e-007
  -2.73799903012886670077e-006
  -1.61550623293098520193e-005
  -9.41902735155590559819e-005
  -5.33283925918731725041e-004
  -2.68796828151565908929e-003
  -8.98640954816574098751e-003
  -1.52080579831947986652e-002
  -1.72785520789685669019e-002
  -1.76488870602788811004e-002
  -1.76520014700082134018e-002
  -1.75856302587957570582e-002
  -1.75024664909172109062e-002
  -1.74110944036343189001e-002
  -1.73129412128367431156e-002
  -1.72082749554683944737e-002
  -1.70971761010036797657e-002
  -1.69796965535387658908e-002
  -1.68558854437414369631e-002
  -1.67257935129530299623e-002
  -1.65894738507069462730e-002
  -1.64469820235781175044e-002
  -1.62983761012032574156e-002
  -1.61437166665052665715e-002
  -1.59830668236696053774e-002
  -1.58164922079464288773e-002
  -1.56440609967416766057e-002
  -1.54658439237017383133e-002
  -1.52819142949065563813e-002
  -1.50923480089042109237e-002
  -1.48972235797777251970e-002
  -1.46966221651168675588e-002
  -1.44906275982285160514e-002
  -1.42793264266052859907e-002
  -1.40628079561959957317e-002
  -1.38411643037167266662e-002
  -1.36144904567999727729e-002
  -1.33828843445110128724e-002
  -1.31464469183975724009e-002
  -1.29052822469983372727e-002
  -1.26594976244434626739e-002
  -1.24092036966382737034e-002
  -1.21545146063166010358e-002
  -1.18955481612117493911e-002
  -1.16324260275252298891e-002
  -1.13652739540283948677e-002
  -1.10942220301807371874e-002
  -1.08194049850990885869e-002
  -1.05409625324977985344e-002
  -1.02590397704674443635e-002
  -9.97378764365289272043e-003
  -9.68536347955016238553e-003
  -9.39393160987649251947e-003
  -9.09966409270993557834e-003
  -8.80274155105943006960e-003
  -8.50335414906296105375e-003
  -8.20170272792833388031e-003
  -7.89800013029355249539e-003
  -7.59247274375277319408e-003
  -7.28536230205632448498e-003
  -6.97692798576186965637e-003
  -6.66744887294090735758e-003
  -6.35722679453035090930e-003
  -6.04658965779405598723e-003
  -5.73589530419508965980e-003
  -5.42553542381436684078e-003
  -5.11594255022893625723e-003
  -4.80759377161137698570e-003
  -4.50101830176257485666e-003
  -4.19680489755426284343e-003
  -3.89561001886282653670e-003
  -3.59816656692942124160e-003
  -3.30529288530599521870e-003
  -3.01790137522996637295e-003
  -2.73700647961079568393e-003
  -2.46372949707699979288e-003
  -2.19929982761559242310e-003
  -1.94504953632387996530e-003
  -1.70239844777591870645e-003
  -1.47282638882815391547e-003
  -1.25782918222011467005e-003
  -1.05885575976651232985e-003
  -8.77225710126384376590e-004
  -7.14030020486346606728e-004
  -5.70022654462782360323e-004
  -4.45516220898626127186e-004
  -3.40299732257090374338e-004
  -2.53598073171336401473e-004
  -1.84089146707969441045e-004
  -1.29985012410001706451e-004
  -8.91694498474003777524e-005
  -5.93705745098953004222e-005
  -3.83385457694323443598e-005
  -2.39984789459982851133e-005
  -1.45571880936255287968e-005
  -8.55565148021008561787e-006
  -4.87198797632212208625e-006
  -2.68830404944133119282e-006
  -1.43762286576316995714e-006
  -7.45256124544457068318e-007
  -3.74607447772029973939e-007
  -1.82635309262173985049e-007
  -8.63898417371142892847e-008
  -3.96588434962642002702e-008
  -1.76736764558836664451e-008
  -7.64678550824361253378e-009
  -3.21137385201257203000e-009
  -1.30752935098244585849e-009
  -5.14111253729631217689e-010
  -1.92970902375545062108e-010
  -6.65986027617919097259e-011
  -1.82759691146800971271e-011
  -2.46659687135231022832e-013
  +6.27501298801347281448e-012
  +8.62678013866845219030e-012
  +9.42926698794119477937e-012
  +9.75033165905868375486e-012
  +9.85037313704610680767e-012
  +9.93431503486469302607e-012
  +9.95591098706841275827e-012
  +1.00141095929179883740e-011
  +1.00270032797269957658e-011
  +1.00818803416303802228e-011
  +1.00931009940798029748e-011
  +1.01467978980696818923e-011
  +1.01569865446563752251e-011
  +1.02096940936249616634e-011
  +1.02189049564183682521e-011
  +1.02706425198913412108e-011
  +1.02788921795450118115e-011
  +1.03296793489239952338e-011
  +1.03369917426156102015e-011
  +1.03868571994998263701e-011
  +1.03932659197193983922e-011
  +1.04422482835664161875e-011
  +1.04477970981710793442e-011
  +1.04959454314774499409e-011
  +1.05006888763925637289e-011
  +1.05480634035714703677e-011
  +1.05520676455629932449e-011
  +1.05987407706585685814e-011
  +1.06020847894939862497e-011
  +1.06481424530412463536e-011
  +1.06509195851239412419e-011
  +1.06964630087881489437e-011
  +1.06987829097477510315e-011
  +1.07439307969377683855e-011
  +1.07459219037335651223e-011
  +1.07908131906250192504e-011
  +1.07926257934102909197e-011
  +1.08374230786456525804e-011
  +1.08392331512706138941e-011
  +1.08841269771124842431e-011
  +1.08861409666440590006e-011
  +1.09313551840172243210e-011
  +1.09338160295573060270e-011
  +1.09796145617755970958e-011
  +1.09828093096277750009e-011
  +1.10295047439706543850e-011
  +1.10337742625575651712e-011
  +1.10817388617984124490e-011
  +1.10874903548437154593e-011
  +1.11371703156278664267e-011
  +1.11448936161771169565e-011
  +1.11968277463949966156e-011
  +1.12071167955079364939e-011
  +1.12619612991584517193e-011
  +1.12755428497127270652e-011
  +1.13341046969492874492e-011
  +1.13518772662077166608e-011
  +1.14151598585006818263e-011
  +1.14382475078401755950e-011
  +1.15075143225731956467e-011
  +1.15373423672358803669e-011
  +1.16142075188817947793e-011
  +1.16526114969223453057e-011
  +1.17391716931979739894e-011
  +1.17885582666884821561e-011
  +1.18875905110425628232e-011
  +1.19511825679772590612e-011
  +1.20664518265805720988e-011
  +1.21486862797816660406e-011
  +1.22855389835072759187e-011
  +1.23933288393961869496e-011
  +1.25630053389228426780e-011
  +1.27260225540600276078e-011
  +1.30511504249417843605e-011
  +1.38760707350750136931e-011
  +1.74646379606151383377e-011
  +3.47540988755343696489e-011
  +1.20499625151902395047e-010
  +5.39840854063290285634e-010
  +2.55052010135638556912e-009
  +1.19781100284897547702e-008
  +5.51678694384703929768e-008
  +2.48366418750769104898e-007
  +1.09175568194555000585e-006
  +4.68230728885795905011e-006
  +1.95714791643410611561e-005
  +7.95008577912218502692e-005
  +3.10784234757227801650e-004
  +1.13017076704219625490e-003
  +3.46255933554498723098e-003
  +7.52099450724536076202e-003
  +1.08900183682229603765e-002
  +1.22615081407499264265e-002
  +1.25336944388539928141e-002
  +1.24336623291018705945e-002
  +1.22226252735416329037e-002
  +1.19771984241049782305e-002
  +1.17190085046777192623e-002
  +1.14542568335577066990e-002
  +1.11848210679007676466e-002
  +1.09113491391695446864e-002
  +1.06341342026372038393e-002
  +1.03533674183841802041e-002
  +1.00692128872450995664e-002
  +9.78183066394834252466e-003
  +9.49138430872159197249e-003
  +9.19804377789956370548e-003
  +8.90198693705984006597e-003
  +8.60340072612768291815e-003
  +8.30248232055818581598e-003
  +7.99944041741482494978e-003
  +7.69449671251007643463e-003
  +7.38788761455199099321e-003
  +7.07986624264661090072e-003
  +6.77070475456926969965e-003
  +6.46069706122316331220e-003
  +6.15016198639145496990e-003
  +5.83944693899599628212e-003
  +5.52893216670025632042e-003
  +5.21903566282053230779e-003
  +4.91021879088087212506e-003
  +4.60299267866007017630e-003
  +4.29792540098452181124e-003
  +3.99564991981722194420e-003
  +3.69687266107179704835e-003
  +3.40238247613196525404e-003
  +3.11305953591914721934e-003
  +2.82988342809331822406e-003
  +2.55393934779158749207e-003
  +2.28642079234513476149e-003
  +2.02862659680243945237e-003
  +1.78194954781755814620e-003
  +1.54785327136521856650e-003
  +1.32783412158427906180e-003
  +1.12336468198399354324e-003
  +9.35817810153227085460e-004
  +7.66372432345239877616e-004
  +6.15907013533620577989e-004
  +4.84892074527831285803e-004
  +3.73298389951326210073e-004
  +2.80540451169542718983e-004
  +2.05473023712543148697e-004
  +1.46450999554059620991e-004
  +1.01449847199657714738e-004
  +6.82295735468960661517e-005
  +4.45142522681584104920e-005
  +2.81561671795566424606e-005
  +1.72595822300806443262e-005
  +1.02513817863634631175e-005
  +5.89939481941970541277e-006
  +3.28952510714874886647e-006
  +1.77756291385465854234e-006
  +9.31054817633378911094e-007
  +4.72819667928733541025e-007
  +2.32868060514687047271e-007
  +1.11262758879130907481e-007
  +5.15877520264318406017e-008
  +2.32177719802975206118e-008
  +1.01449540168367694405e-008
  +4.30334562342722968265e-009
  +1.77071967361814656418e-009
  +7.04924254684107906470e-010
  +2.69298399696920193616e-010
  +9.63169299899709472455e-011
  +2.94939380027822655027e-011
  +4.40911178270151133499e-012
  -4.80400348895440901375e-012
  -8.07869360637504042939e-012
  -9.26216532575581127413e-012
  -9.66020983899970995329e-012
  -9.84004389253866403858e-012
  -9.89662177199277044963e-012
  -9.96281744297622675031e-012
  -9.98208565470376522154e-012
  -1.00170214049899356053e-011
  -1.00506606816896886003e-011
  -1.00835744158406679996e-011
  -1.01348083890239029549e-011
  -1.01666450440948295740e-011
  -1.01979892131377108120e-011
  -1.02288453124770345301e-011
  -1.02592171578534829079e-011
  -1.02891093062692636260e-011
  -1.03185273905990093085e-011
  -1.03474782221655776176e-011
  -1.03759698325001933933e-011
  -1.04040115009914663062e-011
  -1.04316137830980917089e-011
  -1.04587885444519627902e-011
  -1.04855490028776564542e-011
  -1.05119097793178642778e-011
  -1.05378869583071453778e-011
  -1.05634981584769098753e-011
  -1.05887626137945296835e-011
  -1.06137012661135254023e-011
  -1.06383368699585267228e-011
  -1.06626941105101370936e-011
  -1.06867997359567300929e-011
  -1.07106827056470773259e-011
  -1.07343743556256792947e-011
  -1.07579085834353040835e-011
  -1.07813220544550569693e-011
  -1.08046544321809586029e-011
  -1.08279486355513904190e-011
  -1.08512511266141210661e-011
  -1.08746122325614917538e-011
  -1.08980865067577906145e-011
  -1.09217331340805924089e-011
  -1.09456163868974650610e-011
  -1.09698061390369083203e-011
  -1.09943784463160555845e-011
  -1.10194162038715753781e-011
  -1.10450098922058793194e-011
  -1.10712584262458960881e-011
  -1.10982701243319658239e-011
  -1.11261638173187419712e-011
  -1.11550701221739537112e-011
  -1.11851329091811317491e-011
  -1.12165109982309627905e-011
  -1.12493801272859313397e-011
  -1.12839352456206139865e-011
  -1.13203931965837523715e-011
  -1.13589958700371614978e-011
  -1.14000139238976863665e-011
  -1.14437511996555296300e-011
  -1.14905499891252872591e-011
  -1.15407973521503831730e-011
  -1.15949327412513013539e-011
  -1.16534572639406173714e-011
  -1.17169450144010884608e-011
  -1.17860570459802938810e-011
  -1.18615587555758515228e-011
  -1.19443417673436156329e-011
  -1.20354520626078799781e-011
  -1.21361287686906120303e-011
  -1.22478843681860567013e-011
  -1.23727527728139847430e-011
  -1.25143702279125665990e-011
  -1.26836912581160134057e-011
  -1.29292659750460357489e-011
  -1.34964237725393765002e-011
  -1.56488569839456084448e-011
  -2.58212439311791468025e-011
  -7.61516054583459529741e-011
  -3.23721539731812721505e-010
  -1.51914324891410685361e-009
  -7.16675429960975109219e-009
  -3.32426512994899388998e-008
  -1.50824737433802578176e-007
  -6.68343239954165738606e-007
  -2.89025883596362740679e-006
  -1.21869653876389612832e-005
  -5.00033597333524767168e-005
  -1.98336711127657404135e-004
  -7.43222799557909661120e-004
  -2.44752758910601452697e-003
  -6.06479906361388418357e-003
  -9.98827154769399254419e-003
  -1.19959756750776455614e-002
  -1.25211543089509720617e-002
  -1.24930836924992492293e-002
  -1.23014950718708399729e-002
  -1.20620208173618480296e-002
  -1.18063610955266122537e-002
  -1.15432451357180415608e-002
  -1.12751839410477928960e-002
  -1.10029853303494941363e-002
  -1.07269823933612614558e-002
  -1.04473753308594319300e-002
  -1.01643291358588742229e-002
  -9.87800247912483733725e-003
  -9.58855677606102428656e-003
  -9.29615945164113770260e-003
  -9.00098552188380827965e-003
  -8.70321874182815313770e-003
  -8.40305272015331831958e-003
  -8.10069214467040374372e-003
  -7.79635418621239806303e-003
  -7.49027012741574228089e-003
  -7.18268725986113097670e-003
  -6.87387109618061570293e-003
  -6.56410794919948161613e-003
  -6.25370793633390782001e-003
  -5.94300847349404741393e-003
  -5.63237832752191882463e-003
  -5.32222229826519437762e-003
  -5.01298659855583129269e-003
  -4.70516498921502886177e-003
  -4.39930570191059914370e-003
  -4.09601913826035911315e-003
  -3.79598625943700865998e-003
  -3.49996746407291343950e-003
  -3.20881157771859626751e-003
  -2.92346432654942743959e-003
  -2.64497532398881530710e-003
  -2.37450203298872949270e-003
  -2.11330935765369643670e-003
  -1.86276098251443784394e-003
  -1.62430073332063573156e-003
  -1.39941975278370499963e-003
  -1.18960640707124320342e-003
  -9.96276788256380023065e-004
  -8.20686085493305085212e-004
  -6.63825177332761371188e-004
  -5.26311724272068761493e-004
  -4.08291052462883509097e-004
  -3.09365709146842352961e-004
  -2.28572787829532019172e-004
  -1.64422401491259406563e-004
  -1.14999271990001960533e-004
  -7.81149789845521613221e-005
  -5.14858088902840787030e-005
  -3.29052328888250773657e-005
  -2.03831611540803464186e-005
  -1.22347601486133645220e-005
  -7.11531666108758115689e-006
  -4.00940760390913977936e-006
  -2.18931032604229989824e-006
  -1.15867036917438269654e-006
  -5.94488930061276753611e-007
  -2.95787240733571954872e-007
  -1.42756662235668498454e-007
  -6.68539473985378994413e-008
  -3.03876506257025844649e-008
  -1.34092498854017459027e-008
  -5.74469765081009840187e-009
  -2.38829037608073912531e-009
  -9.61789172207856588796e-010
  -3.73090878942943353983e-010
  -1.37057797719419584917e-010
  -4.50635218062031191472e-011
  -1.01830153662332027339e-011
  +2.69866488547988209397e-012
  +7.34447861399519906323e-012
  +8.99159637352276135172e-012
  +9.57613172811682431976e-012
  +9.79389523131379668265e-012
  +9.88813293973686871228e-012
  +9.94161066846479340224e-012
  +9.98175279743746186619e-012
  +1.00174120318403436021e-011
  +1.00513726470253382853e-011
  +1.00844874156522779769e-011
  +1.01170073265127453140e-011
  +1.01490112730579452346e-011
  +1.01805202548648322143e-011
  +1.02115398090253416241e-011
  +1.02420737048541962464e-011
  +1.02721261990076062170e-011
  +1.03017025541995441454e-011
  +1.03308091878236929972e-011
  +1.03594537258987212125e-011
  +1.03876450329742497366e-011
  +1.04153932394068855335e-011
  +1.04427097731574902347e-011
  +1.04696073991188894427e-011
  +1.04961002669786432366e-011
  +1.05222039685137759236e-011
  +1.05479356046851161242e-011
  +1.05733138632808440758e-011
  +1.05983591075969305201e-011
  +1.06230934770770336666e-011
  +1.06475410007755535744e-011
  +1.06717277248008660686e-011
  +1.06956818550388282352e-011
  +1.07194339167014526154e-011
  +1.07430169324828121781e-011
  +1.07664666214789784304e-011
  +1.07898216211713318206e-011
  +1.08131237353636008988e-011
  +1.08364182113695895993e-011
  +1.08597540500859609113e-011
  +1.08831843534610595606e-011
  +1.09067667144241401475e-011
  +1.09305636552096371279e-011
  +1.09546431211073470536e-011
</dep>
<dep Vac.Vt time>
  +0.00000000000000000000e+000
  +1.59962123295280976271e-012
  +6.47906094749340182357e-012
  +1.51218418977239984095e-011
  +3.02000195057038220019e-011
  +6.76356710633845114682e-011
  +2.24436082218646327473e-010
  +1.09347550112105104704e-009
  +6.28761457775943044955e-009
  +3.77156448986993405444e-008
  +2.27467612144240292113e-007
  +1.36671660718645733520e-006
  +8.15982938733746743308e-006
  +4.83440493830806223403e-005
  +2.71732123680336540902e-004
  +1.54635362182065018606e-003
  +8.33300813185187776166e-003
  +3.58164062116393053237e-002
  +9.79378440316757137296e-002
  +1.80067113785302823636e-001
  +2.67073029872265665929e-001
  +3.54508457418106437409e-001
  +4.41458746743134233803e-001
  +5.27739374097835223232e-001
  +6.13294866262014126690e-001
  +6.98090934681320884891e-001
  +7.82096991100802441110e-001
  +8.65283315454479895479e-001
  +9.47620599920727557652e-001
  +1.02907988416024465117e+000
  +1.10963255367853852462e+000
  +1.18925034897810411039e+000
  +1.26790537650981893769e+000
  +1.34557011991840091980e+000
  +1.42221745133131838301e+000
  +1.49782064265380920887e+000
  +1.57235337687032838971e+000
  +1.64578975936040072803e+000
  +1.71810432923957190354e+000
  +1.78927207073812977178e+000
  +1.85926842463231434266e+000
  +1.92806929974504637215e+000
  +1.99565108453574224789e+000
  +2.06199065880175425036e+000
  +2.12706540551730549637e+000
  +2.19085322283958250367e+000
  +2.25333253631597596467e+000
  +2.31448231133148629723e+000
  +2.37428206584097578613e+000
  +2.43271188343748478999e+000
  +2.48975242681544051138e+000
  +2.54538495169624034986e+000
  +2.59959132129379355547e+000
  +2.65235402140922449377e+000
  +2.70365617625753840159e+000
  +2.75348156514471220646e+000
  +2.80181464013197212282e+000
  +2.84864054484554385382e+000
  +2.89394513461485214378e+000
  +2.93771499815167080882e+000
  +2.97993748101667987882e+000
  +3.02060071116030526284e+000
  +3.05969362687170187698e+000
  +3.09720600752536645572e+000
  +3.13312850758002392482e+000
  +3.16745269436123733087e+000
  +3.20017109024945733964e+000
  +3.23127722000123229762e+000
  +3.26076566405583090358e+000
  +3.28863211882492834093e+000
  +3.31487346513288594352e+000
  +3.33948784617165683741e+000
  +3.36247475656090566432e+000
  +3.38383514436149512861e+000
  +3.40357152817995656235e+000
  +3.42168813181929110101e+000
  +3.43819104451097734554e+000
  +3.45308838221875369356e+000
  +3.46639051251154750588e+000
  +3.47811028272019440166e+000
  +3.48826329068108664799e+000
  +3.49686819357121159157e+000
  +3.50394705804981843045e+000
  +3.50952575373235564626e+000
  +3.51363439186204518094e+000
  +3.51630779571044183029e+000
  +3.51758601452379338070e+000
  +3.51751484341329234695e+000
  +3.51614633389301234345e+000
  +3.51353925289514723573e+000
  +3.50975943470017037740e+000
  +3.50487995325752255127e+000
  +3.49898102721321535569e+000
  +3.49214956150750799324e+000
  +3.48447823440209214496e+000
  +3.47606406471327833430e+000
  +3.46700644648424249894e+000
  +3.45740471717520891914e+000
  +3.44735542074464085260e+000
  +3.43694951744130872129e+000
  +3.42626984885484375809e+000
  +3.41538916339401898981e+000
  +3.40436893304684540240e+000
  +3.39325906063930782253e+000
  +3.38209842373963143203e+000
  +3.37091607101368362365e+000
  +3.35973281302612969412e+000
  +3.34856294297377310443e+000
  +3.33741587094539049474e+000
  +3.32629753181248721816e+000
  +3.31521150499094519049e+000
  +3.30415984584861410767e+000
  +3.29314366643161804404e+000
  +3.28216351922195048729e+000
  +3.27121963810530091976e+000
  +3.26031208263974603412e+000
  +3.24944082064131034571e+000
  +3.23860577348970624101e+000
  +3.22780683999275685991e+000
  +3.21704390847597521130e+000
  +3.20631686268096638415e+000
  +3.19562558454036027555e+000
  +3.18496995543781391547e+000
  +3.17434985676051129033e+000
  +3.16376517013307001491e+000
  +3.15321577751299120251e+000
  +3.14270156122786481490e+000
  +3.13222240398897522340e+000
  +3.12177818889559910431e+000
  +3.11136879943571553753e+000
  +3.10099411948543401962e+000
  +3.09065403412421391138e+000
  +3.08034842719911194919e+000
  +3.07007718372404170282e+000
  +3.05984018911607824620e+000
  +3.04963732917435814684e+000
  +3.03946849007880937066e+000
  +3.02933355838890072675e+000
  +3.01923242104234601513e+000
  +3.00916496535387301137e+000
  +2.99913107901394315746e+000
  +2.98913065008751344109e+000
  +2.97916356701277473817e+000
  +2.96922971859992079757e+000
  +2.95932899402989546545e+000
  +2.94946128285316877538e+000
  +2.93962647498849083405e+000
  +2.92982446072168345452e+000
  +2.92005513070439048917e+000
  +2.91031837595287612430e+000
  +2.90061408784680985207e+000
  +2.89094215812804566923e+000
  +2.88130247889941637496e+000
  +2.87169494262353230951e+000
  +2.86211944212158453382e+000
  +2.85257587057214045956e+000
  +2.84306412150996346000e+000
  +2.83358408882481604962e+000
  +2.82413566676027816271e+000
  +2.81471874991257253740e+000
  +2.80533323322937766520e+000
  +2.79597901200867093863e+000
  +2.78665598189754915026e+000
  +2.77736403889106719944e+000
  +2.76810307933108079581e+000
  +2.75887299990508472192e+000
  +2.74967369764507019170e+000
  +2.74050506992636266901e+000
  +2.73136701446648366698e+000
  +2.72225942932401876462e+000
  +2.71318221289746741576e+000
  +2.70413526392411007748e+000
  +2.69511848147887933536e+000
  +2.68613176497325012448e+000
  +2.67717501415409131482e+000
  +2.66824812910256792264e+000
  +2.65935101023302022938e+000
  +2.65048355829184822952e+000
  +2.64164567435640895710e+000
  +2.63283725983391203584e+000
  +2.62405821646032100247e+000
  +2.61530844629925951494e+000
  +2.60658785174090690262e+000
  +2.59789633550092702308e+000
  +2.58923380061937180585e+000
  +2.58060015045960655655e+000
  +2.57199528870722016194e+000
  +2.56341911936896238444e+000
  +2.55487154677167360717e+000
  +2.54635247556120836165e+000
  +2.53786181070138772142e+000
  +2.52939945747291483613e+000
  +2.52096532147235086185e+000
  +2.51255930861104070928e+000
  +2.50418132511407032226e+000
  +2.49583127751923017357e+000
  +2.48750907267600940287e+000
  +2.47921461774470408557e+000
  +2.47094782019625602842e+000
  +2.46270858781562518303e+000
  +2.45449682872324004279e+000
  +2.44631245148561893288e+000
  +2.43815536565729251706e+000
  +2.43002548435975551655e+000
  +2.42192273625493159628e+000
  +2.41384711980001709364e+000
  +2.40579894307505659512e+000
  +2.39777985742615751263e+000
  +2.38979719777586652185e+000
  +2.38188171235282020177e+000
  +2.37415770480378496288e+000
  +2.36710742892400638482e+000
  +2.36246320495205797130e+000
  +2.36532570715416357032e+000
  +2.38459547211772981967e+000
  +2.42343593880181318312e+000
  +2.47386336946533091918e+000
  +2.52785032179507229699e+000
  +2.58192878385502755378e+000
  +2.63500090802506692356e+000
  +2.68674093848785888738e+000
  +2.73704512699362245698e+000
  +2.78587265073465406573e+000
  +2.83320107814444233085e+000
  +2.87901382100959590815e+000
  +2.92329654304274155763e+000
  +2.96603612091482204960e+000
  +3.00722034958927864068e+000
  +3.04683787097580971448e+000
  +3.08487817261488928011e+000
  +3.12133161048149565531e+000
  +3.15618944210696561470e+000
  +3.18944386608834662411e+000
  +3.22108806721307905363e+000
  +3.25111626752292259823e+000
  +3.27952378409932521208e+000
  +3.30630709462093763662e+000
  +3.33146391196809688040e+000
  +3.35499326937825204098e+000
  +3.37689561790794590124e+000
  +3.39717293823761767868e+000
  +3.41582886916490391371e+000
  +3.43286885546542697156e+000
  +3.44830031814491766440e+000
  +3.46213285044005214530e+000
  +3.47437844320915578677e+000
  +3.48505174352650337610e+000
  +3.49417035026076217008e+000
  +3.50175515003989978879e+000
  +3.50783069608176800713e+000
  +3.51242563062676227403e+000
  +3.51557314878450588580e+000
  +3.51731149705244039438e+000
  +3.51768449307320851815e+000
  +3.51674204388212130468e+000
  +3.51454062764601360414e+000
  +3.51114368999755477319e+000
  +3.50662188232184446335e+000
  +3.50105307062813553287e+000
  +3.49452200858736050648e+000
  +3.48711958597139570770e+000
  +3.47894157444184415340e+000
  +3.47008683708772291965e+000
  +3.46065503910197813653e+000
  +3.45074398628595790939e+000
  +3.44044681950347985833e+000
  +3.42984935634416077122e+000
  +3.41902789678606477963e+000
  +3.40804775619227751093e+000
  +3.39696267364593351701e+000
  +3.38581509248982071014e+000
  +3.37463716704590144246e+000
  +3.36345225415559223592e+000
  +3.35227661961168754701e+000
  +3.34112112212540557366e+000
  +3.32999270791953216886e+000
  +3.31889562937261484166e+000
  +3.30783236962399662673e+000
  +3.29680430099706001101e+000
  +3.28581212782481468793e+000
  +3.27485616906448129271e+000
  +3.26393653008936590609e+000
  +3.25305320244768925164e+000
  +3.24220611933816282857e+000
  +3.23139518521314395016e+000
  +3.22062029096341007062e+000
  +3.20988132141624316063e+000
  +3.19917815890415324631e+000
  +3.18851068490383271481e+000
  +3.17787878076291985252e+000
  +3.16728232801119835571e+000
  +3.15672120848914206093e+000
  +3.14619530439889283358e+000
  +3.13570449832331910045e+000
  +3.12524867323244714967e+000
  +3.11482771248499590300e+000
  +3.10444149982809269872e+000
  +3.09408991939632738166e+000
  +3.08377285596641126375e+000
  +3.07349019418672408932e+000
  +3.06324181934696904150e+000
  +3.05302761533491961998e+000
  +3.04284746982264042714e+000
  +3.03270126942226703193e+000
  +3.02258890094577470364e+000
  +3.01251025158255636427e+000
  +3.00246520889816714828e+000
  +2.99245366083306318927e+000
  +2.98247549570136305519e+000
  +2.97253060218958786720e+000
  +2.96261886935543428123e+000
  +2.95274018662652970590e+000
  +2.94289444379919462591e+000
  +2.93308153103721691579e+000
  +2.92330133887063059461e+000
  +2.91355375819448791930e+000
  +2.90383868026765235015e+000
  +2.89415599671157020012e+000
  +2.88450559950907381435e+000
  +2.87488738100317098301e+000
  +2.86530123389584412408e+000
  +2.85574705124686012425e+000
  +2.84622472647257263034e+000
  +2.83673415334472656113e+000
  +2.82727522598927993869e+000
  +2.81784783888522216699e+000
  +2.80845188686340163642e+000
  +2.79908726510534178189e+000
  +2.78975386914208245415e+000
  +2.78045159485300485969e+000
  +2.77118033846467515247e+000
  +2.76193999654968447288e+000
  +2.75273046602550497397e+000
  +2.74355164415332364314e+000
  +2.73440342853691120695e+000
  +2.72528571712146661099e+000
  +2.71619840819248414832e+000
  +2.70714140037462813737e+000
  +2.69811459263058983638e+000
  +2.68911788425996522989e+000
  +2.68015117489812570994e+000
  +2.67121436451510296806e+000
  +2.66230735341448188080e+000
  +2.65343004223227652005e+000
  +2.64458233193582081810e+000
  +2.63576412382267166734e+000
  +2.62697531951951113172e+000
  +2.61821582098102689784e+000
  +2.60948553048884823724e+000
  +2.60078435065043844787e+000
  +2.59211218439801083235e+000
  +2.58346893498745089346e+000
  +2.57485450599722875964e+000
  +2.56626880132733514728e+000
  +2.55771172519819867119e+000
  +2.54918318214963068868e+000
  +2.54068307703974261003e+000
  +2.53221131504390450928e+000
  +2.52376780165367486930e+000
  +2.51535244267575430754e+000
  +2.50696514423092642332e+000
  +2.49860581275303728077e+000
  +2.49027435498794469382e+000
  +2.48197067799259007970e+000
  +2.47369468913447265734e+000
  +2.46544629609324728037e+000
  +2.45722540687318069530e+000
  +2.44903192986963835764e+000
  +2.44086577419852757131e+000
  +2.43272685127672882999e+000
  +2.42461508221408683639e+000
  +2.41653043155818947341e+000
  +2.40847305759503038658e+000
  +2.40044396518640557048e+000
  +2.39244776917947854500e+000
  +2.38450408039926831094e+000
  +2.37669302606131127575e+000
  +2.36932986603263850967e+000
  +2.36358092230092209363e+000
  +2.36316443985542523620e+000
  +2.37608423245893352060e+000
  +2.40873533302912701259e+000
  +2.45630069848935184140e+000
  +2.50968906798111657253e+000
  +2.56395741564845591753e+000
  +2.61743795980331706019e+000
  +2.66964629598768121710e+000
  +2.72043798081746901474e+000
  +2.76976171126362613606e+000
  +2.81759221357308708988e+000
  +2.86391198740335584105e+000
  +2.90870627529253633625e+000
  +2.95196165491265993808e+000
  +2.99366564806264712217e+000
  +3.03380662333798278851e+000
  +3.07237378718383125076e+000
  +3.10935720382309321863e+000
  +3.14474782664064855808e+000
  +3.17853753610241573924e+000
  +3.21071918314325710497e+000
  +3.24128663823669471711e+000
  +3.27023484686175169855e+000
  +3.29755989235668511839e+000
  +3.32325906736815790410e+000
  +3.34733095532477209488e+000
  +3.36977552360534682308e+000
  +3.39059423034270190911e+000
  +3.40979014710362404728e+000
  +3.42736810001212299781e+000
  +3.44333483222613923047e+000
  +3.45769919101852618581e+000
  +3.47047234301906648568e+000
  +3.48166802139211828404e+000
  +3.49130280877215781743e+000
  +3.49939645953368971831e+000
  +3.50597226425446928388e+000
  +3.51105745779299782683e+000
  +3.51468366991016845091e+000
  +3.51688741339947341658e+000
  +3.51771060131620405542e+000
  +3.51720106098207940803e+000
  +3.51541304047415925638e+000
  +3.51240763574496295263e+000
  +3.50825309111958594244e+000
  +3.50302489222819923853e+000
  +3.49680555983693741595e+000
  +3.48968404948347021843e+000
  +3.48175466589703841436e+000
  +3.47311545382259900805e+000
  +3.46386606392416673827e+000
  +3.45410519722342490567e+000
  +3.44392782027497013075e+000
  +3.43342242686688159381e+000
  +3.42266866086147514281e+000
  +3.41173558767911933032e+000
  +3.40068080576542719484e+000
  +3.38955044611060651860e+000
  +3.37837995803473001288e+000
  +3.36719546552090909231e+000
  +3.35601542721547962955e+000
  +3.34485234717695334439e+000
  +3.33371434400894717243e+000
  +3.32260646551498473045e+000
  +3.31153170992350931456e+000
  +3.30049176858955295444e+000
  +3.28948753519071868112e+000
  +3.27851943653396338263e+000
  +3.26758763702261179063e+000
  +3.25669215927650723685e+000
  +3.24583295222378209743e+000
  +3.23500992796339126301e+000
  +3.22422298093769876814e+000
  +3.21347199752769263625e+000
  +3.20275686067978293536e+000
  +3.19207745205788251397e+000
  +3.18143365300980596189e+000
  +3.17082534498635881803e+000
  +3.16025240971675014379e+000
  +3.14971472927923468177e+000
  +3.13921218612821739669e+000
  +3.12874466310380539014e+000
  +3.11831204343455459238e+000
  +3.10791421073761542360e+000
  +3.09755104901794586780e+000
  +3.08722244266720302619e+000
  +3.07692827646250366413e+000
  +3.06666843556516743874e+000
  +3.05644280551942415514e+000
  +3.04625127225115477358e+000
  +3.03609372206661509708e+000
  +3.02597004165115679442e+000
  +3.01588011806798839132e+000
  +3.00582383875688607944e+000
  +2.99580109153295737201e+000
  +2.98581176458538077867e+000
  +2.97585574647616502020e+000
  +2.96593292613890335829e+000
  +2.95604319287753103396e+000
  +2.94618643636509514039e+000
  +2.93636254664251561408e+000
  +2.92657141411737331538e+000
  +2.91681292956267235184e+000
  +2.90708698411563437602e+000
  +2.89739346927647201113e+000
  +2.88773227690718670146e+000
  +2.87810329923035723709e+000
  +2.86850642882794470978e+000
  +2.85894155864008547852e+000
  +2.84940858196390189860e+000
  +2.83990739245231793575e+000
  +2.83043788411285435203e+000
  +2.82099995130646341579e+000
  +2.81159348874634806847e+000
  +2.80221839149678242364e+000
  +2.79287455497193537468e+000
  +2.78356187493472440053e+000
  +2.77428024749562762707e+000
  +2.76502956911154473829e+000
  +2.75580973658463390663e+000
  +2.74662064706115671697e+000
</dep>
<dep _net0.Vt time>
  +0.00000000000000000000e+000
  +4.72155191321458125864e-002
  +9.44141955151669987067e-002
  +1.41579192406698167739e-001
  +1.88693685079638906466e-001
  +2.35740866829412337724e-001
  +2.82703955003185292139e-001
  +3.29566197193994270265e-001
  +3.76310878478840649120e-001
  +4.22921335019865785032e-001
  +4.69381005955255392603e-001
  +5.15673713781296005898e-001
  +5.61785297319648990744e-001
  +6.07713177449511587902e-001
  +6.53515884288356718734e-001
  +6.99611133693083031559e-001
  +7.48213109672202780764e-001
  +8.06898040646004122145e-001
  +8.82620542520739737036e-001
  +9.68049579612746180501e-001
  +1.05560373342341651259e+000
  +1.14304372254425090638e+000
  +1.22989662549683909099e+000
  +1.31605470666420876213e+000
  +1.40147488411020026966e+000
  +1.48612480212172348715e+000
  +1.56997409445176838716e+000
  +1.65299297364072850236e+000
  +1.73515200836901328785e+000
  +1.81642209634744000724e+000
  +1.89677446871448673882e+000
  +1.97618069977113997027e+000
  +2.05461271755625274338e+000
  +2.13204281450801724773e+000
  +2.20844365808445575183e+000
  +2.28378830132247490070e+000
  +2.35805019333389642711e+000
  +2.43120318974072135987e+000
  +2.50322156305327370163e+000
  +2.57408001299587496646e+000
  +2.64375367678576056463e+000
  +2.71221813937211786438e+000
  +2.77944944364344070920e+000
  +2.84542410061288153500e+000
  +2.91011909959299774897e+000
  +2.97351191837320749656e+000
  +3.03558053341545353021e+000
  +3.09630343008613317934e+000
  +3.15565961294519503610e+000
  +3.21362861611662165018e+000
  +3.27019051376833758127e+000
  +3.32532593073394622252e+000
  +3.37901605331379206731e+000
  +3.43124264029865910786e+000
  +3.48198803426628566982e+000
  +3.53123517320870305980e+000
  +3.57896760255761936520e+000
  +3.62516948768584246210e+000
  +3.66982562697512948446e+000
  +3.71292146555564794852e+000
  +3.75444310983923212888e+000
  +3.79437734298888473816e+000
  +3.83271164149048271241e+000
  +3.86943419302051250241e+000
  +3.90453391583625464278e+000
  +3.93800047995330571027e+000
  +3.96982433042046523042e+000
  +3.99999671305507664698e+000
  +4.02850970306421363176e+000
  +4.05535623704982306492e+000
  +4.08053014898093735496e+000
  +4.10402621081433949257e+000
  +4.12584017855839135791e+000
  +4.14596884470355941943e+000
  +4.16441009808793261016e+000
  +4.18116299242493116850e+000
  +4.19622782751023670755e+000
  +4.20960623085281326894e+000
  +4.22130127097837082317e+000
  +4.23131757226228533142e+000
  +4.23966145094326307685e+000
  +4.24634107006976524445e+000
  +4.25136661498661183600e+000
  +4.25475049037444286171e+000
  +4.25650753977461615563e+000
  +4.25665528086513678119e+000
  +4.25521416239601268927e+000
  +4.25220782398308472239e+000
  +4.24766335111228432453e+000
  +4.24161150426923239110e+000
  +4.23408689441309604717e+000
  +4.22512806853272593344e+000
  +4.21477746144343523582e+000
  +4.20308116575628964995e+000
  +4.19008847444990806252e+000
  +4.17585116343335460698e+000
  +4.16042250771703692180e+000
  +4.14385606423145169686e+000
  +4.12620430198078214090e+000
  +4.10751720544176279759e+000
  +4.08784100548216411397e+000
  +4.06721719038408036084e+000
  +4.04568191239967589468e+000
  +4.02326583944846927210e+000
  +3.99999442503026481077e+000
  +3.97588850425728423943e+000
  +3.95096508700355286692e+000
  +3.92523821591558608191e+000
  +3.89871978108233374627e+000
  +3.87142022141750841158e+000
  +3.84334908187518164979e+000
  +3.81451542638711593725e+000
  +3.78492812535923528472e+000
  +3.75459604458422857576e+000
  +3.72352816266385167054e+000
  +3.69173363997489945021e+000
  +3.65922185669748545322e+000
  +3.62600243225172791384e+000
  +3.59208523383536171281e+000
  +3.55748037403601724549e+000
  +3.52219822594444620378e+000
  +3.48624940198359789534e+000
  +3.44964480466864831243e+000
  +3.41239513686795170599e+000
  +3.37451228072871822761e+000
  +3.33600759522919387834e+000
  +3.29689347299995549889e+000
  +3.25718086029343245613e+000
  +3.21688237682966260422e+000
  +3.17601044818135669345e+000
  +3.13457782438362331234e+000
  +3.09259769737895995334e+000
  +3.05008286652956606133e+000
  +3.00704660182321958928e+000
  +2.96350236593271265662e+000
  +2.91946380901602786651e+000
  +2.87494476383900288141e+000
  +2.82995924082346705930e+000
  +2.78452142303022576186e+000
  +2.73864566107915097248e+000
  +2.69234646800935761846e+000
  +2.64563851408145955801e+000
  +2.59853662152379261130e+000
  +2.55105575922451022208e+000
  +2.50321103737141825718e+000
  +2.45501770204147362620e+000
  +2.40649112974187362468e+000
  +2.35764682190469754275e+000
  +2.30850039933704520578e+000
  +2.25906759662865530558e+000
  +2.20936425651901657830e+000
  +2.15940632422595202300e+000
  +2.10920984173771985937e+000
  +2.05879094207066071220e+000
  +2.00816584349445337310e+000
  +1.95735084372699263966e+000
  +1.90636231410103640371e+000
  +1.85521669370461217419e+000
  +1.80393048349736284663e+000
  +1.75252024040485610001e+000
  +1.70100257139300681253e+000
  +1.64939412752473124613e+000
  +1.59771159800089423975e+000
  +1.54597170418776008738e+000
  +1.49419119363301855508e+000
  +1.44238683407252232804e+000
  +1.39057540742991880833e+000
  +1.33877370381124438659e+000
  +1.28699851549670762907e+000
  +1.23526663093174216002e+000
  +1.18359482871948129556e+000
  +1.13199987161682646963e+000
  +1.08049850053623108792e+000
  +1.02910742855533232643e+000
  +9.77843334936592589735e-001
  +9.26722859159051726152e-001
  +8.75762594964362706129e-001
  +8.24979084419177444154e-001
  +7.74388811996059245324e-001
  +7.24008198674999992051e-001
  +6.73853596067668592084e-001
  +6.23941280566453482237e-001
  +5.74287447520419491731e-001
  +5.24908205440275721365e-001
  +4.75819570234354394245e-001
  +4.27037459477746017544e-001
  +3.78577686716573325043e-001
  +3.30455955809473567175e-001
  +2.82687855308332125492e-001
  +2.35288852880219279129e-001
  +1.88274289772626390871e-001
  +1.41659375323944153324e-001
  +9.54591815215030808917e-002
  +4.96886376117237418826e-002
  +4.36252477270449197377e-003
  -4.05045290930021797959e-002
  -8.48980541647025022112e-002
  -1.28803741715071751184e-001
  -1.72207439068711470886e-001
  -2.15095120164540215546e-001
  -2.57452927464680236813e-001
  -2.99267583526589386889e-001
  -3.40525634991680203889e-001
  -3.81213741474091483141e-001
  -4.21318874406721777248e-001
  -4.60828173442455968356e-001
  -4.99728831127635331200e-001
  -5.38007580596723378186e-001
  -5.75648529854700163888e-001
  -6.12624301273067994877e-001
  -6.48860964815718976872e-001
  -6.84105844875294910601e-001
  -7.17481466245419974292e-001
  -7.46426414364870005613e-001
  -7.66479585122357254257e-001
  -7.76048668696643795251e-001
  -7.79115192870245887313e-001
  -7.79682790654294910482e-001
  -7.79475636412529482300e-001
  -7.79033082399092524639e-001
  -7.78508698429438483757e-001
  -7.77945317318351481362e-001
  -7.77354579167902182135e-001
  -7.76739201596794659466e-001
  -7.76099256715873098145e-001
  -7.75433969774629971994e-001
  -7.74742241478448723235e-001
  -7.74022798054337712870e-001
  -7.73274229555323211471e-001
  -7.72494993046985212182e-001
  -7.71683403630989750432e-001
  -7.70837620205313545085e-001
  -7.69955627925637209330e-001
  -7.69035217753201272295e-001
  -7.68073962926414832708e-001
  -7.67069191964408814144e-001
  -7.66017957676493277397e-001
  -7.64917001539485275075e-001
  -7.63762712690310929808e-001
  -7.62551080655510804540e-001
  -7.61277640799012722539e-001
  -7.59937411314830169040e-001
  -7.58524820424766765825e-001
  -7.57033622268789119225e-001
  -7.55456799809023582526e-001
  -7.53786452926475503133e-001
  -7.52013669803317963414e-001
  -7.50128379700244818373e-001
  -7.48119185427518984532e-001
  -7.45973174269941807779e-001
  -7.43675706997444896373e-001
  -7.41210186055215713985e-001
  -7.38557806304405706221e-001
  -7.35697295029965281365e-001
  -7.32604652589992855205e-001
  -7.29252911206042742087e-001
  -7.25611936342470453809e-001
  -7.21648306996557242776e-001
  -7.17325310583214248439e-001
  -7.12603105624140531482e-001
  -7.07439096623786234375e-001
  -7.01788560158515095644e-001
  -6.95605538979672810562e-001
  -6.88843985435972361309e-001
  -6.81459090871092132424e-001
  -6.73408686936136757772e-001
  -6.64654573187660191458e-001
  -6.55163612576777132368e-001
  -6.44908463162657263901e-001
  -6.33867872048770597537e-001
  -6.22026533109519386144e-001
  -6.09374581520277791569e-001
  -5.95906845771181026272e-001
  -5.81621992130015641465e-001
  -5.66521680233297630913e-001
  -5.50609813260904523702e-001
  -5.33891925982707182818e-001
  -5.16374719723231900836e-001
  -4.98065730316630150831e-001
  -4.78973103760964080688e-001
  -4.59105451879377624014e-001
  -4.38471763295378513803e-001
  -4.17081350327947353307e-001
  -3.94943817933916474505e-001
  -3.72069045490797167819e-001
  -3.48467175699835041147e-001
  -3.24148607233484431500e-001
  -2.99123989269468149033e-001
  -2.73404216885383355429e-001
  -2.47000426836151504295e-001
  -2.19923993443878806886e-001
  -1.92186524498063476818e-001
  -1.63799857110358354495e-001
  -1.34776053503509490872e-001
  -1.05127396726237956615e-001
  -7.48663862917270661601e-002
  -4.40057337397433620541e-002
  -1.25583581233595260873e-002
  +1.94626187061882338636e-002
  +5.20438763745643406811e-002
  +8.51719011002402270893e-002
  +1.18833272246821095020e-001
  +1.53013714920637589056e-001
  +1.87698881664427413840e-001
  +2.22874742681067661287e-001
  +2.58527560689047142262e-001
  +2.94642041909877083761e-001
  +3.31203933859951171748e-001
  +3.68197914694378680700e-001
  +4.05608916322953205746e-001
  +4.43422093772853742610e-001
  +4.81622238961483484232e-001
  +5.20193811772185710218e-001
  +5.59120955360506877163e-001
  +5.98388513384810361018e-001
  +6.37979848742016852903e-001
  +6.77879499779988847763e-001
  +7.18071658750479180355e-001
  +7.58539958782244339019e-001
  +7.99268040693930204021e-001
  +8.40239903669102505823e-001
  +8.81439204207572490901e-001
  +9.22848881546292743039e-001
  +9.64453000427791140581e-001
  +1.00623552871339905224e+000
  +1.04817864833059104512e+000
  +1.09026620629376291838e+000
  +1.13248168141747251880e+000
  +1.17480782651878112866e+000
  +1.21722846229024384002e+000
  +1.25972620713832728079e+000
  +1.30228373965079557983e+000
  +1.34488530909919634659e+000
  +1.38751324778792839432e+000
  +1.43015097562738180414e+000
  +1.47278160325692053512e+000
  +1.51538789659210904048e+000
  +1.55795296055527154877e+000
  +1.60046008622106117336e+000
  +1.64289339007191359521e+000
  +1.68523525298525256311e+000
  +1.72746852161326325259e+000
  +1.76957695519669133688e+000
  +1.81154425588017953253e+000
  +1.85335279417958753712e+000
  +1.89498692730606932422e+000
  +1.93642975154680052619e+000
  +1.97766487194563445051e+000
  +2.01867634098816539634e+000
  +2.05944795984048889537e+000
  +2.09996300425756432517e+000
  +2.14020583325624969007e+000
  +2.18016016874882190280e+000
  +2.21981064037848163650e+000
  +2.25914119405928959239e+000
  +2.29813623120510701625e+000
  +2.33678063862376328430e+000
  +2.37505879502063343978e+000
  +2.41295588525487358922e+000
  +2.45045577846846818204e+000
  +2.48754427659744026258e+000
  +2.52420669354811488816e+000
  +2.56042813855370798848e+000
  +2.59619453004186251377e+000
  +2.63149095466319549175e+000
  +2.66630430314709609974e+000
  +2.70062042533985380288e+000
  +2.73442518542283252714e+000
  +2.76770419837778014482e+000
  +2.80044481348944573895e+000
  +2.83263392952970249894e+000
  +2.86425860069218884973e+000
  +2.89530618313049803447e+000
  +2.92576466686995084743e+000
  +2.95562406209755756947e+000
  +2.98488209655991942881e+000
  +3.01356698008101187014e+000
  +3.04182471692186018331e+000
  +3.07022707466238609086e+000
  +3.10062201870617526467e+000
  +3.13700053914642174036e+000
  +3.18254947985086156237e+000
  +3.23484989469428496633e+000
  +3.28934598038345615834e+000
  +3.34355630647816726153e+000
  +3.39663732351170111201e+000
  +3.44833743296733885586e+000
  +3.49857528255215077806e+000
  +3.54731635909461839873e+000
  +3.59453943616625037905e+000
  +3.64022744921294272302e+000
  +3.68436498325590644498e+000
  +3.72693757188502994282e+000
  +3.76793150452181135890e+000
  +3.80733378041943293368e+000
  +3.84513210675236605240e+000
  +3.88131491104036241424e+000
  +3.91587135919657747252e+000
  +3.94879137673827829147e+000
  +3.98006567262637034332e+000
  +4.00968576583945601755e+000
  +4.03764401503933800797e+000
  +4.06393365182218957443e+000
  +4.08854881815899506847e+000
  +4.11148460873910082114e+000
  +4.13273711905153451340e+000
  +4.15230350017388705197e+000
  +4.17018202138863891548e+000
  +4.18637214191002637875e+000
  +4.20087459317608047371e+000
  +4.21369147333092097796e+000
  +4.22482635567531250587e+000
  +4.23428441297249769093e+000
  +4.24207255952019490763e+000
  +4.24819961277676139133e+000
  +4.25267647597082731892e+000
  +4.25551634240476417403e+000
  +4.25673492091678706828e+000
  +4.25635067998389615695e+000
  +4.25438510626082244670e+000
  +4.25086296139322783461e+000
  +4.24581253495967647638e+000
  +4.23926585761591745438e+000
  +4.23125885081454100600e+000
  +4.22183137262938501522e+000
  +4.21102711391642259287e+000
  +4.19889329726454629821e+000
  +4.18548013322645662271e+000
  +4.17084001463980946767e+000
  +4.15502644837657708621e+000
  +4.13809277624906979298e+000
  +4.12009078117378191308e+000
  +4.10106931648789796441e+000
  +4.08107311572647013520e+000
  +4.06014192661224271319e+000
  +4.03831006492894939441e+000
  +4.01560641231312231980e+000
  +3.99205480707197857271e+000
  +3.96767472016915645483e+000
  +3.94248208293858048989e+000
  +3.91649014006819617961e+000
  +3.88971023167200735671e+000
  +3.86215244802024271209e+000
  +3.83382613745276357164e+000
  +3.80474027492987243448e+000
  +3.77490371373029232061e+000
  +3.74432534785553183809e+000
  +3.71301421116562790914e+000
  +3.68097953449443693330e+000
  +3.64823077640777615471e+000
  +3.61477763825167075495e+000
  +3.58063007013460365968e+000
  +3.54579827115419243810e+000
  +3.51029269966991952501e+000
  +3.47412400077500871376e+000
  +3.43730316230771437702e+000
  +3.39984139553454900451e+000
  +3.36175001373207749111e+000
  +3.32304080083284203440e+000
  +3.28372522679787293143e+000
  +3.24381580963748783475e+000
  +3.20332477156823092201e+000
  +3.16226457713069608602e+000
  +3.12064793360835102121e+000
  +3.07848815199042080692e+000
  +3.03579791837588430781e+000
  +2.99259092737702481202e+000
  +2.94888031352380641792e+000
  +2.90467993421163273027e+000
  +2.86000393045230705269e+000
  +2.81486578730824765771e+000
  +2.76928036735148763725e+000
  +2.72326173794784187621e+000
  +2.67682477417319164559e+000
  +2.62998362360949755612e+000
  +2.58275376881350515745e+000
  +2.53515028038204626171e+000
  +2.48718734377239902855e+000
  +2.43888152825952841951e+000
  +2.39024733222843277503e+000
  +2.34130094869680371872e+000
  +2.29205730492630088690e+000
  +2.24253235654729721205e+000
  +2.19274207710983981556e+000
  +2.14270301832635112760e+000
  +2.09243049600540853561e+000
  +2.04194115326312752856e+000
  +1.99125096706069104613e+000
  +1.94037648775340199059e+000
  +1.88933365210966774939e+000
  +1.83813943855725669962e+000
  +1.78681006070016157317e+000
  +1.73536215150164818688e+000
  +1.68381240517537689172e+000
  +1.63217711782455254799e+000
  +1.58047338085744604186e+000
  +1.52871822457465778022e+000
  +1.47692751411146105944e+000
  +1.42511899107920081420e+000
  +1.37330921123885252300e+000
</dep>
<dep _net1.Vt time>
  +0.00000000000000000000e+000
  -4.72155191305458007967e-002
  -9.44141955086875150904e-002
  -1.41579192391575930943e-001
  -1.88693685049438286683e-001
  -2.35740866761776551863e-001
  -2.82703954778749266818e-001
  -3.29566196100518737921e-001
  -3.76310872191225997963e-001
  -4.22921297304220844548e-001
  -4.69380778487643313124e-001
  -5.15672347064688785245e-001
  -5.61777137490261702091e-001
  -6.07664833400128556740e-001
  -6.53244152164676461503e-001
  -6.98064780071262491745e-001
  -7.39880101540350776368e-001
  -7.71081634434364837638e-001
  -7.84682698489063912284e-001
  -7.87982465827443467887e-001
  -7.88530703551151068709e-001
  -7.88535265126144357950e-001
  -7.88437878753704746160e-001
  -7.88315332566373427881e-001
  -7.88180017848185920926e-001
  -7.88033867440402602256e-001
  -7.87877103350965946049e-001
  -7.87709658186248384837e-001
  -7.87531408448285841217e-001
  -7.87342212187195134021e-001
  -7.87141915035948214197e-001
  -7.86930350793035859880e-001
  -7.86707341046434027731e-001
  -7.86472694589616772021e-001
  -7.86226206753137368821e-001
  -7.85967658668665691835e-001
  -7.85696816463567593303e-001
  -7.85413430380320409796e-001
  -7.85117233813701798084e-001
  -7.84807942257744972636e-001
  -7.84485252153445777878e-001
  -7.84148839627071492231e-001
  -7.83798359107698683346e-001
  -7.83433441811127284637e-001
  -7.83053694075692696686e-001
  -7.82658695533624992891e-001
  -7.82247997099477565541e-001
  -7.81821118754646882110e-001
  -7.81377547104219694063e-001
  -7.80916732679137304274e-001
  -7.80438086952896625803e-001
  -7.79940979037705872656e-001
  -7.79424732019998511845e-001
  -7.78888618889434614090e-001
  -7.78331858008747712319e-001
  -7.77753608063990853339e-001
  -7.77152962425646798295e-001
  -7.76528942840298164185e-001
  -7.75880492360277340680e-001
  -7.75206467403977583785e-001
  -7.74505628822552694146e-001
  -7.73776631828579919414e-001
  -7.73018014618781279523e-001
  -7.72228185495145602601e-001
  -7.71405408256230273878e-001
  -7.70547785592068823490e-001
  -7.69653240171007446691e-001
  -7.68719493053843905273e-001
  -7.67744039008381840006e-001
  -7.66724118224894723994e-001
  -7.65656683848051855534e-001
  -7.64538364642682211070e-001
  -7.63365421997484361327e-001
  -7.62133700342064734912e-001
  -7.60838569907975603712e-001
  -7.59474860605640067490e-001
  -7.58036782999259806104e-001
  -7.56517848634058687196e-001
  -7.54910758466823317292e-001
  -7.53207289542090485668e-001
  -7.51398160262176872948e-001
  -7.49472876498554541058e-001
  -7.47419556936793405555e-001
  -7.45224736642087215444e-001
  -7.42873147912570530593e-001
  -7.40347485154694950893e-001
  -7.37628147872219308567e-001
  -7.34692980569792375434e-001
  -7.31517017219273313344e-001
  -7.28072251374084267184e-001
  -7.24327459712926113866e-001
  -7.20248115275203382168e-001
  -7.15796434230219880135e-001
  -7.10931604248782100797e-001
  -7.05610240047815473474e-001
  -6.99787098720076272684e-001
  -6.93416061232793978775e-001
  -6.86451347056243221800e-001
  -6.78848881236141288298e-001
  -6.70567688000454076303e-001
  -6.61571156627321244059e-001
  -6.51828026990060926948e-001
  -6.41312979352830936364e-001
  -6.30006778809161005483e-001
  -6.17896001290632934655e-001
  -6.04972433243600171693e-001
  -5.91232273977423616884e-001
  -5.76675272941812977479e-001
  -5.61303910136942363351e-001
  -5.45122689605021637504e-001
  -5.28137576884232462504e-001
  -5.10355580538495168241e-001
  -4.91784458927598588929e-001
  -4.72432525362766586596e-001
  -4.52308524556232161018e-001
  -4.31421557332976934873e-001
  -4.09781036088311179100e-001
  -3.87396658647489733340e-001
  -3.64278392837233067070e-001
  -3.40436471797891826441e-001
  -3.15881371612477312993e-001
  -2.90623825040253080942e-001
  -2.64674763142439317676e-001
  -2.38045797232775413477e-001
  -2.10747831991913159300e-001
  -1.82792759786697178725e-001
  -1.54191895554643298993e-001
  -1.24958448377440856092e-001
  -9.51043930184782837500e-002
  -6.46423287644237731797e-002
  -3.35849518886215392399e-002
  -1.94492912886934377070e-003
  +3.02642770492145274375e-002
  +6.30292810262074176819e-002
  +9.63365055969207517705e-002
  +1.30172186416262825048e-001
  +1.64522376901218070344e-001
  +1.99372953188460488860e-001
  +2.34709619153401494174e-001
  +2.70517911489412288262e-001
  +3.06783204846510226815e-001
  +3.43490717027891356850e-001
  +3.80625514242439955126e-001
  +4.18172516411422279248e-001
  +4.56116502527395439870e-001
  +4.94442116063489756073e-001
  +5.33133870431059531114e-001
  +5.72176154483837073883e-001
  +6.11553238066570470366e-001
  +6.51249277606175791533e-001
  +6.91248321743431315411e-001
  +7.31534317003175393879e-001
  +7.72091113500997128227e-001
  +8.12902470684401023959e-001
  +8.53952063106362846412e-001
  +8.95223486229244524992e-001
  +9.36700262256996318833e-001
  +9.78365845993541816128e-001
  +1.02020363072527286974e+000
  +1.06219695412558179370e+000
  +1.10432910417925400637e+000
  +1.14658332512469174347e+000
  +1.18894282341178314510e+000
  +1.23139077367332960833e+000
  +1.27391032470787513020e+000
  +1.31648460547183265845e+000
  +1.35909673107874051645e+000
  +1.40172980880352637811e+000
  +1.44436694408964028113e+000
  +1.48699124655688708074e+000
  +1.52958583600785114065e+000
  +1.57213384843075387742e+000
  +1.61461844199657900134e+000
  +1.65702280304839200120e+000
  +1.69933015208063631363e+000
  +1.74152374970633028184e+000
  +1.78358690261003305366e+000
  +1.82550296948440049505e+000
  +1.86725536694831228957e+000
  +1.90882757544436465480e+000
  +1.95020314511367653942e+000
  +1.99136570164591408805e+000
  +2.03229895210242483827e+000
  +2.07298669071042773737e+000
  +2.11341280462619884872e+000
  +2.15356127966516019967e+000
  +2.19341620599689601789e+000
  +2.23296178380301668653e+000
  +2.27218232889588511725e+000
  +2.31106227829621246883e+000
  +2.34958619576754834668e+000
  +2.38773877730572703371e+000
  +2.42550485658165326797e+000
  +2.46286941033807194046e+000
  +2.49981756374684893629e+000
  +2.53633459578065156848e+000
  +2.57240594487599016915e+000
  +2.60801721627782168156e+000
  +2.64315419732011580578e+000
  +2.67780289698194895465e+000
  +2.71194951397291506012e+000
  +2.74558003502744440993e+000
  +2.77868100065136403032e+000
  +2.81123922583348573312e+000
  +2.84324161066172464984e+000
  +2.87467529324245774092e+000
  +2.90552777420269547903e+000
  +2.93578743802288011366e+000
  +2.96544572763056679676e+000
  +2.99450601362588786358e+000
  +3.02301866961950382873e+000
  +3.05121327379930118440e+000
  +3.07994467119747783457e+000
  +3.11175212151903402003e+000
  +3.15107505724008696291e+000
  +3.19948460749845686735e+000
  +3.25297856233557691752e+000
  +3.30753311244936654134e+000
  +3.36140442026755703608e+000
  +3.41403399042415900411e+000
  +3.46524963691729759319e+000
  +3.51499044431197349425e+000
  +3.56322722990255691400e+000
  +3.60994027974123721236e+000
  +3.65511307772546878425e+000
  +3.69873051281737197371e+000
  +3.74077836239327066181e+000
  +3.78124314764361635355e+000
  +3.82011210053113359209e+000
  +3.85737316566187438127e+000
  +3.89301501411248507267e+000
  +3.92702706231227915978e+000
  +3.95939949401398383344e+000
  +3.99012328496627999286e+000
  +4.01919023044933787503e+000
  +4.04659297606373424827e+000
  +4.07232505229743058095e+000
  +4.09638091350758237752e+000
  +4.11875598206856263772e+000
  +4.13944669856345637271e+000
  +4.15845057903663040122e+000
  +4.17576628047973397173e+000
  +4.19139367589019329330e+000
  +4.20533394041370645056e+000
  +4.21758965024907617192e+000
  +4.22816489613563106786e+000
  +4.23706541332982133952e+000
  +4.24429872996100687743e+000
  +4.24987433546741844026e+000
  +4.25380387035171025900e+000
  +4.25610133762420694836e+000
  +4.25678333483972171081e+000
  +4.25586930335684598958e+000
  +4.25338178810317391054e+000
  +4.24934669647211382681e+000
  +4.24379353885205645724e+000
  +4.23675562634002567108e+000
  +4.22827018931840203919e+000
  +4.21837838121135000335e+000
  +4.20712511421150203716e+000
  +4.19455868259518194208e+000
  +4.18073013460035980415e+000
  +4.16569237606739495305e+000
  +4.14949902453795083090e+000
  +4.13220307715705015283e+000
  +4.11385550643961561690e+000
  +4.09450392953182085165e+000
  +4.07419150936284246711e+000
  +4.05295621935493421972e+000
  +4.03083054569470444761e+000
  +4.00784162559934031833e+000
  +3.98401174856617856790e+000
  +3.95935909992677315117e+000
  +3.93389861174170363256e+000
  +3.90764280235870353764e+000
  +3.88060252118043624847e+000
  +3.85278755535532280163e+000
  +3.82420708934722597405e+000
  +3.79487003131369382558e+000
  +3.76478523158577083052e+000
  +3.73396162094387484842e+000
  +3.70240829338470867071e+000
  +3.67013455277571498669e+000
  +3.63714993727190538664e+000
  +3.60346423070430477154e+000
  +3.56908746666260734415e+000
  +3.53402992865041776227e+000
  +3.49830214817342799449e+000
  +3.46191490178921279508e+000
  +3.42487920759907060742e+000
  +3.38720632145507671851e+000
  +3.34890773298720345608e+000
  +3.30999516150924533164e+000
  +3.27048055182682251285e+000
  +3.23037606995867676574e+000
  +3.18969409877671727926e+000
  +3.14844723356783173784e+000
  +3.10664827751968219971e+000
  +3.06431023726022111475e+000
  +3.02144631781215977639e+000
  +2.97806991824672850910e+000
  +2.93419490863564824679e+000
  +2.88983467291353068873e+000
  +2.84500288070511953009e+000
  +2.79971386755472284591e+000
  +2.75398259966319347569e+000
  +2.70782281463622265250e+000
  +2.66124960892009898572e+000
  +2.61427731667615947941e+000
  +2.56692082231787432889e+000
  +2.51919551918884510044e+000
  +2.47111671254903608741e+000
  +2.42269963976572855202e+000
  +2.37395947464083345579e+000
  +2.32491233357221993572e+000
  +2.27557308313385897591e+000
  +2.22595798505014297319e+000
  +2.17608316333248197338e+000
  +2.12596437986170627710e+000
  +2.07561758973993981670e+000
  +2.02505928043846239461e+000
  +1.97430575915982520208e+000
  +1.92337276661151546087e+000
  +1.87227730807346115505e+000
  +1.82103641926068160473e+000
  +1.76966546547463243755e+000
  +1.71818158078682214907e+000
  +1.66660162287781776769e+000
  +1.61494180333270587191e+000
  +1.56321946957861546146e+000
  +1.51145082276346531813e+000
  +1.45965216824372356896e+000
  +1.40784141409147789403e+000
  +1.35603457143674965835e+000
  +1.30424874702669169046e+000
  +1.25250073433177688820e+000
  +1.20080696607767589690e+000
  +1.14918418596616200844e+000
  +1.09764928382101922821e+000
  +1.04621992285815812451e+000
  +9.94911966705980033154e-001
  +9.43741668841168501736e-001
  +8.92726107485616315884e-001
  +8.41882204036139114578e-001
  +7.91225436681838978359e-001
  +7.40773146917980573889e-001
  +6.90541280160540393851e-001
  +6.40546143708911053238e-001
  +5.90804333765388545174e-001
  +5.41332025064901189992e-001
  +4.92144685235084144992e-001
  +4.43258671985776508961e-001
  +3.94689501327956993038e-001
  +3.46453381067664878401e-001
  +2.98565608081305500221e-001
  +2.51041696361085975298e-001
  +2.03897395810677117822e-001
  +1.57147687739278563157e-001
  +1.10808088201304943965e-001
  +6.48925153056225667569e-002
  +1.94165270076993579096e-002
  -2.56051103287093795302e-002
  -7.01581490812968056048e-002
  -1.14227856895924517744e-001
  -1.57800667936571770156e-001
  -2.00861557188695805110e-001
  -2.43396895457156592357e-001
  -2.85393404057515454042e-001
  -3.26838428130050928644e-001
  -3.67717962782799112631e-001
  -4.08018847416080188140e-001
  -4.47728169155952482328e-001
  -4.86833125540375277751e-001
  -5.25320701684653723618e-001
  -5.63176292918334819859e-001
  -6.00378016160712402183e-001
  -6.36873954019715693420e-001
  -6.72494850889226114532e-001
  -7.06646152361464885416e-001
  -7.37457578850750028465e-001
  -7.60916306687488219751e-001
  -7.73814146821734993864e-001
  -7.78549196204932680843e-001
  -7.79656912402339585810e-001
  -7.79598890829710899908e-001
  -7.79199363708384495908e-001
  -7.78691136979657194672e-001
  -7.78137301734681319232e-001
  -7.77554647830992706758e-001
  -7.76947222593163733251e-001
  -7.76315461809587326059e-001
  -7.75658707963369664640e-001
  -7.74975916972370004743e-001
  -7.74265856459165124903e-001
  -7.73527157081449701082e-001
  -7.72758319568534357558e-001
  -7.71957707217269639699e-001
  -7.71123532555929358523e-001
  -7.70253840635862996322e-001
  -7.69346489483114126529e-001
  -7.68399127602761744527e-001
  -7.67409168177585421233e-001
  -7.66373759465504456045e-001
  -7.65289750790836720284e-001
  -7.64153653414330058524e-001
  -7.62961595446189022596e-001
  -7.61709269831185586952e-001
  -7.60391874285016200474e-001
  -7.59004041897902936853e-001
  -7.57539760949940799151e-001
  -7.55992282312394792143e-001
  -7.54354012656246020185e-001
  -7.52616391580379406889e-001
  -7.50769750748037978383e-001
  -7.48803153243070340750e-001
  -7.46704211716359367301e-001
  -7.44458884611765903117e-001
  -7.42051251006618173278e-001
  -7.39463266584423628558e-001
  -7.36674504944617503099e-001
  -7.33661900411148870660e-001
  -7.30399494485517664089e-001
  -7.26858221870954501753e-001
  -7.23005759694955507655e-001
  -7.18806480401186220774e-001
  -7.14221554079485621003e-001
  -7.09209247781077856132e-001
  -7.03725467329418208351e-001
  -6.97724560817211347796e-001
  -6.91160384452412124290e-001
  -6.83987579025647995934e-001
  -6.76162960898815335042e-001
  -6.67646889621021699668e-001
  -6.58404454865001653729e-001
  -6.48406338933131820568e-001
  -6.37629259163536410426e-001
  -6.26055966202537561571e-001
  -6.13674849037284531050e-001
  -6.00479254648308202746e-001
  -5.86466655723205221307e-001
  -5.71637792891427576336e-001
  -5.55995887663398580258e-001
  -5.39545982505897914194e-001
  -5.22294427530499039136e-001
  -5.04248506342818814119e-001
  -4.85416178544739285172e-001
  -4.65805911332561883853e-001
  -4.45426574168162670020e-001
  -4.24287375277216938230e-001
  -4.02397824313455387824e-001
  -3.79767710544086867230e-001
  -3.56407089914810626397e-001
  -3.32326277686589399707e-001
  -3.07535830845014235280e-001
  -2.82046613131821999332e-001
  -2.55869631360975180456e-001
  -2.29016146889460703306e-001
  -2.01497789019064565963e-001
  -1.73326178166350874932e-001
  -1.44513702141332078810e-001
  -1.15072145616133436619e-001
  -8.50140252987463540535e-002
  -5.43520429903430191132e-002
  -2.30990761891116669347e-002
  +8.73219199927977030029e-003
  +4.11280535382960721336e-002
  +7.40754182793947890673e-002
  +1.07560254921121423166e-001
  +1.41568883647456456032e-001
  +1.76087546701870323318e-001
  +2.11101478773616957341e-001
  +2.46596950534190728632e-001
  +2.82559106120865877187e-001
  +3.18973576370456424200e-001
  +3.55824954047368802179e-001
  +3.93098866855122075492e-001
  +4.30780241151465403959e-001
  +4.68852839521854747318e-001
  +5.07302540589130490645e-001
  +5.46112895253860974876e-001
  +5.85268903256615846686e-001
  +6.24754063916496793496e-001
  +6.64552681466926031817e-001
  +7.04648865897290699323e-001
  +7.45027104562008268829e-001
  +7.85670459552375799461e-001
  +8.26563142413494711391e-001
  +8.67688532250785460320e-001
  +9.09030426907420530114e-001
  +9.50571867666770264904e-001
  +9.92296806233169070843e-001
  +1.03418831003010058822e+000
  +1.07622975820713895345e+000
  +1.11840449539344399810e+000
  +1.16069538423336338084e+000
  +1.20308601072836651724e+000
  +1.24555983977637918514e+000
  +1.28809912308760887711e+000
  +1.33068795281650942286e+000
  +1.37330921123885074664e+000
</dep>
<indep Vsine.I 1>
  -0.00000000000000000000e+000
</indep>
<indep Vac.V 1>
  +0.00000000000000000000e+000
</indep>
<indep _net0.V 1>
  +0.00000000000000000000e+000
</indep>
<indep _net1.V 1>
  +0.00000000000000000000e+000
</indep>
